[gd_scene load_steps=3 format=3 uid="uid://da5vpty2xda7u"]

[ext_resource type="PackedScene" uid="uid://dxnvmve6r8vfe" path="res://Prefabs/Terrain/Terrain Componenets/SimpleCylinder.tscn" id="1_2u06d"]
[ext_resource type="PackedScene" uid="uid://bgii05ssodyvp" path="res://Prefabs/Terrain/Terrain Componenets/SimpleSphere.tscn" id="2_qmj2j"]

[node name="GiantTree" type="Node3D"]

[node name="Trunk" parent="." instance=ExtResource("1_2u06d")]
transform = Transform3D(10, 0, 0, 0, 15, 0, 0, 0, 10, 0, 15, 0)

[node name="BaseFoliage" parent="." instance=ExtResource("2_qmj2j")]
transform = Transform3D(20, 0, 0, 0, 10, 0, 0, 0, 20, 0, 30.457, 0)

[node name="FoliageTopper" parent="." instance=ExtResource("2_qmj2j")]
transform = Transform3D(10, 0, 0, 0, 5, 0, 0, 0, 10, 0, 35, 0)

[node name="FoliageExtra" parent="." instance=ExtResource("2_qmj2j")]
transform = Transform3D(10, 0, 0, 0, 7.5, 0, 0, 0, 10, 4.72824, 29.0533, 5.86273)

[node name="FoliageExtra2" parent="." instance=ExtResource("2_qmj2j")]
transform = Transform3D(10.5995, 0, 4.68824, 0, 7.5, 0, -5.62589, 0, 8.83291, 4.84758, 30.4348, -4.78217)

[node name="FoliageExtra3" parent="." instance=ExtResource("2_qmj2j")]
transform = Transform3D(12, 0, 0, 0, 7.5, 0, 0, 0, 12, -3.40272, 29.0985, -4.93517)

[node name="FoliageExtra4" parent="." instance=ExtResource("2_qmj2j")]
transform = Transform3D(8.51022, 0, 7.35182, 0, 7.5, 0, -5.2513, 0, 11.9143, -6.96789, 30.7968, 4.26008)

[node name="Branch1" type="Node3D" parent="."]

[node name="BranchBase" parent="Branch1" instance=ExtResource("1_2u06d")]
transform = Transform3D(0.68838, -1.4507, 0, 0.673416, 1.27819, -0.371578, 0.269525, 0.511574, 0.928402, -5.8396, 12.4786, 0.575165)

[node name="BranchSplit1" parent="Branch1" instance=ExtResource("1_2u06d")]
transform = Transform3D(-0.487082, 0.00546809, -0.873339, 0.551512, 0.777298, -0.302724, 0.67719, -0.629108, -0.381623, -6.52704, 13.7911, 0.23286)

[node name="BranchSplit2" parent="Branch1" instance=ExtResource("1_2u06d")]
transform = Transform3D(0.660006, -0.184686, 0.728205, 0.551512, 0.777298, -0.302724, -0.510124, 0.601414, 0.614878, -6.95894, 14.0661, 1.3309)

[node name="Foliage1" parent="Branch1" instance=ExtResource("2_qmj2j")]
transform = Transform3D(3.42323, 0.0379886, 3.64218, -0.092616, 1.49952, -0.0867321, -3.6432, -0.00242519, 3.42447, -7.38587, 15.0442, 2.2279)

[node name="Foliage2" parent="Branch1" instance=ExtResource("2_qmj2j")]
transform = Transform3D(2.39626, 0.0506515, 2.54952, -0.0648312, 1.99936, -0.0607125, -2.55024, -0.00323359, 2.39713, -7.38587, 15.0442, -0.52636)

[node name="Foliage4" parent="Branch1" instance=ExtResource("2_qmj2j")]
transform = Transform3D(2.39626, 0.0506515, 2.54952, -0.0648312, 1.99936, -0.0607125, -2.55024, -0.00323359, 2.39713, -7.38587, 15.0442, -0.52636)

[node name="Foliage3" parent="Branch1" instance=ExtResource("2_qmj2j")]
transform = Transform3D(1.71162, 0.0506515, 1.82109, -0.046308, 1.99936, -0.0433661, -1.8216, -0.00323359, 1.71224, -7.01909, 15.0442, 1.94974)

[node name="Branch4" type="Node3D" parent="."]
transform = Transform3D(-0.741718, 0, -0.871925, 0, 1.15, 0, 0.670712, 0, -0.964234, -0.141584, 0, 0)

[node name="BranchBase" parent="Branch4" instance=ExtResource("1_2u06d")]
transform = Transform3D(0.68838, -1.4507, 0, 0.673416, 1.27819, -0.371578, 0.269525, 0.511574, 0.928402, -5.8396, 12.4786, 0.575165)

[node name="BranchSplit1" parent="Branch4" instance=ExtResource("1_2u06d")]
transform = Transform3D(-0.487082, 0.00546809, -0.873339, 0.551512, 0.777298, -0.302724, 0.67719, -0.629108, -0.381623, -6.52704, 13.7911, 0.23286)

[node name="BranchSplit2" parent="Branch4" instance=ExtResource("1_2u06d")]
transform = Transform3D(0.660006, -0.184686, 0.728205, 0.551512, 0.777298, -0.302724, -0.510124, 0.601414, 0.614878, -6.95894, 14.0661, 1.3309)

[node name="Foliage1" parent="Branch4" instance=ExtResource("2_qmj2j")]
transform = Transform3D(3.42323, 0.0379886, 3.64218, -0.092616, 1.49952, -0.0867321, -3.6432, -0.00242519, 3.42447, -7.38587, 15.0442, 2.2279)

[node name="Foliage2" parent="Branch4" instance=ExtResource("2_qmj2j")]
transform = Transform3D(2.39626, 0.0506515, 2.54952, -0.0648312, 1.99936, -0.0607125, -2.55024, -0.00323359, 2.39713, -7.38587, 15.0442, -0.52636)

[node name="Foliage4" parent="Branch4" instance=ExtResource("2_qmj2j")]
transform = Transform3D(2.39626, 0.0506515, 2.54952, -0.0648312, 1.99936, -0.0607125, -2.55024, -0.00323359, 2.39713, -7.38587, 15.0442, -0.52636)

[node name="Foliage3" parent="Branch4" instance=ExtResource("2_qmj2j")]
transform = Transform3D(1.71162, 0.0506515, 1.82109, -0.046308, 1.99936, -0.0433661, -1.8216, -0.00323359, 1.71224, -7.01909, 15.0442, 1.94974)

[node name="Branch5" type="Node3D" parent="."]
transform = Transform3D(-0.903214, 0.22575, -1.30679, 0.209304, 0.974185, 0.302827, 0.838389, -2.98023e-08, -1.48344, -4.0722, 9.02055, 0)

[node name="BranchBase" parent="Branch5" instance=ExtResource("1_2u06d")]
transform = Transform3D(0.68838, -1.4507, 0, 0.673416, 1.27819, -0.371578, 0.269525, 0.511574, 0.928402, -5.8396, 12.4786, 0.575165)

[node name="BranchSplit1" parent="Branch5" instance=ExtResource("1_2u06d")]
transform = Transform3D(-0.487082, 0.00546809, -0.873339, 0.551512, 0.777298, -0.302724, 0.67719, -0.629108, -0.381623, -6.52704, 13.7911, 0.23286)

[node name="BranchSplit2" parent="Branch5" instance=ExtResource("1_2u06d")]
transform = Transform3D(0.660006, -0.184686, 0.728205, 0.551512, 0.777298, -0.302724, -0.510124, 0.601414, 0.614878, -6.95894, 14.0661, 1.3309)

[node name="Foliage1" parent="Branch5" instance=ExtResource("2_qmj2j")]
transform = Transform3D(3.42323, 0.0379886, 3.64218, -0.092616, 1.49952, -0.0867321, -3.6432, -0.00242519, 3.42447, -7.38587, 15.0442, 2.2279)

[node name="Foliage2" parent="Branch5" instance=ExtResource("2_qmj2j")]
transform = Transform3D(2.39626, 0.0506515, 2.54952, -0.0648312, 1.99936, -0.0607125, -2.55024, -0.00323359, 2.39713, -7.38587, 15.0442, -0.52636)

[node name="Foliage4" parent="Branch5" instance=ExtResource("2_qmj2j")]
transform = Transform3D(2.39626, 0.0506515, 2.54952, -0.0648312, 1.99936, -0.0607125, -2.55024, -0.00323359, 2.39713, -7.38587, 15.0442, -0.52636)

[node name="Foliage3" parent="Branch5" instance=ExtResource("2_qmj2j")]
transform = Transform3D(1.71162, 0.0506515, 1.82109, -0.046308, 1.99936, -0.0433661, -1.8216, -0.00323359, 1.71224, -7.01909, 15.0442, 1.94974)

[node name="Branch6" type="Node3D" parent="."]
transform = Transform3D(-0.707214, 0.148776, 0.869239, 0.074786, 0.988587, -0.142161, -1.3207, -0.0236874, -0.473513, -2.45212, 9.02055, -2.32951)

[node name="BranchBase" parent="Branch6" instance=ExtResource("1_2u06d")]
transform = Transform3D(0.68838, -1.4507, 0, 0.673416, 1.27819, -0.371578, 0.269525, 0.511574, 0.928402, -5.8396, 12.4786, 0.575165)

[node name="BranchSplit1" parent="Branch6" instance=ExtResource("1_2u06d")]
transform = Transform3D(-0.487082, 0.00546809, -0.873339, 0.551512, 0.777298, -0.302724, 0.67719, -0.629108, -0.381623, -6.52704, 13.7911, 0.23286)

[node name="BranchSplit2" parent="Branch6" instance=ExtResource("1_2u06d")]
transform = Transform3D(0.660006, -0.184686, 0.728205, 0.551512, 0.777298, -0.302724, -0.510124, 0.601414, 0.614878, -6.95894, 14.0661, 1.3309)

[node name="Foliage1" parent="Branch6" instance=ExtResource("2_qmj2j")]
transform = Transform3D(3.42323, 0.0379886, 3.64218, -0.092616, 1.49952, -0.0867321, -3.6432, -0.00242519, 3.42447, -7.38587, 15.0442, 2.2279)

[node name="Foliage2" parent="Branch6" instance=ExtResource("2_qmj2j")]
transform = Transform3D(2.39626, 0.0506515, 2.54952, -0.0648312, 1.99936, -0.0607125, -2.55024, -0.00323359, 2.39713, -7.38587, 15.0442, -0.52636)

[node name="Foliage4" parent="Branch6" instance=ExtResource("2_qmj2j")]
transform = Transform3D(2.39626, 0.0506515, 2.54952, -0.0648312, 1.99936, -0.0607125, -2.55024, -0.00323359, 2.39713, -7.38587, 15.0442, -0.52636)

[node name="Foliage3" parent="Branch6" instance=ExtResource("2_qmj2j")]
transform = Transform3D(1.71162, 0.0506515, 1.82109, -0.046308, 1.99936, -0.0433661, -1.8216, -0.00323359, 1.71224, -7.01909, 15.0442, 1.94974)

[node name="Branch7" type="Node3D" parent="."]
transform = Transform3D(0.981271, -0.209818, -0.743291, 0.074786, 1.48288, -0.142161, 1.13204, 0.0839104, 0.653689, 4.34753, 0.493352, 1.0254)

[node name="BranchBase" parent="Branch7" instance=ExtResource("1_2u06d")]
transform = Transform3D(0.68838, -1.4507, 0, 0.673416, 1.27819, -0.371578, 0.269525, 0.511574, 0.928402, -5.8396, 12.4786, 0.575165)

[node name="BranchSplit1" parent="Branch7" instance=ExtResource("1_2u06d")]
transform = Transform3D(-0.487082, 0.00546809, -0.873339, 0.551512, 0.777298, -0.302724, 0.67719, -0.629108, -0.381623, -6.52704, 13.7911, 0.23286)

[node name="BranchSplit2" parent="Branch7" instance=ExtResource("1_2u06d")]
transform = Transform3D(0.660006, -0.184686, 0.728205, 0.551512, 0.777298, -0.302724, -0.510124, 0.601414, 0.614878, -6.95894, 14.0661, 1.3309)

[node name="Foliage1" parent="Branch7" instance=ExtResource("2_qmj2j")]
transform = Transform3D(3.42323, 0.0379886, 3.64218, -0.092616, 1.49952, -0.0867321, -3.6432, -0.00242519, 3.42447, -7.38587, 15.0442, 2.2279)

[node name="Foliage2" parent="Branch7" instance=ExtResource("2_qmj2j")]
transform = Transform3D(2.39626, 0.0506515, 2.54952, -0.0648312, 1.99936, -0.0607125, -2.55024, -0.00323359, 2.39713, -7.38587, 15.0442, -0.52636)

[node name="Foliage4" parent="Branch7" instance=ExtResource("2_qmj2j")]
transform = Transform3D(2.39626, 0.0506515, 2.54952, -0.0648312, 1.99936, -0.0607125, -2.55024, -0.00323359, 2.39713, -7.38587, 15.0442, -0.52636)

[node name="Foliage3" parent="Branch7" instance=ExtResource("2_qmj2j")]
transform = Transform3D(1.71162, 0.0506515, 1.82109, -0.046308, 1.99936, -0.0433661, -1.8216, -0.00323359, 1.71224, -7.01909, 15.0442, 1.94974)

[node name="Branch2" type="Node3D" parent="."]
transform = Transform3D(0.418057, -3.25963e-09, 0.908421, 0.0548089, 1.74681, -0.0252232, -0.906766, 0.105585, 0.417296, 0, -5.64616, -1.53278)

[node name="BranchBase" parent="Branch2" instance=ExtResource("1_2u06d")]
transform = Transform3D(0.68838, -1.4507, 0, 0.673416, 1.27819, -0.371578, 0.269525, 0.511574, 0.928402, -5.8396, 12.4786, 0.575165)

[node name="BranchSplit1" parent="Branch2" instance=ExtResource("1_2u06d")]
transform = Transform3D(-0.487082, 0.00546809, -0.873339, 0.551512, 0.777298, -0.302724, 0.67719, -0.629108, -0.381623, -6.52704, 13.7911, 0.23286)

[node name="BranchSplit2" parent="Branch2" instance=ExtResource("1_2u06d")]
transform = Transform3D(0.660006, -0.184686, 0.728205, 0.551512, 0.777298, -0.302724, -0.510124, 0.601414, 0.614878, -6.95894, 14.0661, 1.3309)

[node name="Foliage1" parent="Branch2" instance=ExtResource("2_qmj2j")]
transform = Transform3D(3.42323, 0.0379886, 3.64218, -0.092616, 1.49952, -0.0867321, -3.6432, -0.00242519, 3.42447, -7.38587, 15.0442, 2.2279)

[node name="Foliage2" parent="Branch2" instance=ExtResource("2_qmj2j")]
transform = Transform3D(2.39626, 0.0506515, 2.54952, -0.0648312, 1.99936, -0.0607125, -2.55024, -0.00323359, 2.39713, -7.38587, 15.0442, -0.52636)

[node name="Foliage4" parent="Branch2" instance=ExtResource("2_qmj2j")]
transform = Transform3D(2.39626, 0.0506515, 2.54952, -0.0648312, 1.99936, -0.0607125, -2.55024, -0.00323359, 2.39713, -7.38587, 15.0442, -0.52636)

[node name="Foliage3" parent="Branch2" instance=ExtResource("2_qmj2j")]
transform = Transform3D(1.71162, 0.0506515, 1.82109, -0.046308, 1.99936, -0.0433661, -1.8216, -0.00323359, 1.71224, -7.01909, 15.0442, 1.94974)

[node name="Branch3" type="Node3D" parent="."]
transform = Transform3D(-0.83676, 0.208971, 0.489276, 0.21223, 0.823912, -0.124097, -0.504769, 1.8999e-08, -0.863255, -2.35732, 5.52973, -0.611256)

[node name="BranchBase" parent="Branch3" instance=ExtResource("1_2u06d")]
transform = Transform3D(0.68838, -1.4507, 0, 0.673416, 1.27819, -0.371578, 0.269525, 0.511574, 0.928402, -5.8396, 12.4786, 0.575165)

[node name="BranchSplit1" parent="Branch3" instance=ExtResource("1_2u06d")]
transform = Transform3D(-0.487082, 0.00546809, -0.873339, 0.551512, 0.777298, -0.302724, 0.67719, -0.629108, -0.381623, -6.52704, 13.7911, 0.23286)

[node name="BranchSplit2" parent="Branch3" instance=ExtResource("1_2u06d")]
transform = Transform3D(0.660006, -0.184686, 0.728205, 0.551512, 0.777298, -0.302724, -0.510124, 0.601414, 0.614878, -6.95894, 14.0661, 1.3309)

[node name="Foliage1" parent="Branch3" instance=ExtResource("2_qmj2j")]
transform = Transform3D(3.42323, 0.0379886, 3.64218, -0.092616, 1.49952, -0.0867321, -3.6432, -0.00242519, 3.42447, -7.38587, 15.0442, 2.2279)

[node name="Foliage2" parent="Branch3" instance=ExtResource("2_qmj2j")]
transform = Transform3D(2.39626, 0.0506515, 2.54952, -0.0648312, 1.99936, -0.0607125, -2.55024, -0.00323359, 2.39713, -7.38587, 15.0442, -0.52636)

[node name="Foliage4" parent="Branch3" instance=ExtResource("2_qmj2j")]
transform = Transform3D(2.39626, 0.0506515, 2.54952, -0.0648312, 1.99936, -0.0607125, -2.55024, -0.00323359, 2.39713, -7.38587, 15.0442, -0.52636)

[node name="Foliage3" parent="Branch3" instance=ExtResource("2_qmj2j")]
transform = Transform3D(1.71162, 0.0506515, 1.82109, -0.046308, 1.99936, -0.0433661, -1.8216, -0.00323359, 1.71224, -7.01909, 15.0442, 1.94974)
