[gd_scene load_steps=6 format=3 uid="uid://cashwdug0ts74"]

[ext_resource type="PackedScene" uid="uid://bs21jrogohafe" path="res://Prefabs/Terrain/Terrain Componenets/TerrainFloor.tscn" id="1_fm752"]
[ext_resource type="PackedScene" uid="uid://ccko2d7m74n62" path="res://Prefabs/Terrain/Structures/tree_2.tscn" id="2_dm8at"]
[ext_resource type="PackedScene" uid="uid://cmwm0gmusvfoy" path="res://Prefabs/Terrain/Structures/tree_1.tscn" id="3_svtl2"]
[ext_resource type="PackedScene" uid="uid://blda2hlpxcnay" path="res://Prefabs/Terrain/Structures/tree_3.tscn" id="4_uj4cu"]
[ext_resource type="PackedScene" uid="uid://da5vpty2xda7u" path="res://Prefabs/Terrain/Structures/giant_tree.tscn" id="5_xggw5"]

[node name="Forest Tile 2" type="Node3D"]

[node name="Terrain Floor" parent="." instance=ExtResource("1_fm752")]

[node name="Trees" type="Node3D" parent="."]
transform = Transform3D(-0.00893596, 0, 0.99996, 0, 1, 0, -0.99996, 0, -0.00893596, -0.646996, 0, -0.299297)

[node name="Tree2" parent="Trees" instance=ExtResource("2_dm8at")]
transform = Transform3D(1, 0, 0, 0, 1, 0, 0, 0, 1, -39.8123, 0, 44.6204)

[node name="Tree3" parent="Trees" instance=ExtResource("2_dm8at")]
transform = Transform3D(1, 0, 0, 0, 1, 0, 0, 0, 1, -58.0148, 0, -40.2113)

[node name="Tree4" parent="Trees" instance=ExtResource("2_dm8at")]
transform = Transform3D(1, 0, 0, 0, 1, 0, 0, 0, 1, 38.2352, 0, -25.7172)

[node name="Tree5" parent="Trees" instance=ExtResource("2_dm8at")]
transform = Transform3D(1, 0, 0, 0, 1, 0, 0, 0, 1, 11.0032, 0, 32.4087)

[node name="Tree6" parent="Trees" instance=ExtResource("2_dm8at")]
transform = Transform3D(1, 0, 0, 0, 1, 0, 0, 0, 1, -16.7454, 0, 33.9376)

[node name="Tree7" parent="Trees" instance=ExtResource("2_dm8at")]
transform = Transform3D(1, 0, 0, 0, 1, 0, 0, 0, 1, -17.5927, 0, -39.1318)

[node name="Tree8" parent="Trees" instance=ExtResource("2_dm8at")]
transform = Transform3D(1, 0, 0, 0, 1, 0, 0, 0, 1, 34.3702, 0, -50.3943)

[node name="Tree84" parent="Trees" instance=ExtResource("2_dm8at")]
transform = Transform3D(0.410512, 0, 0.911855, 0, 1, 0, -0.911855, 0, 0.410512, 24.114, 0, -60.6322)

[node name="Tree9" parent="Trees" instance=ExtResource("2_dm8at")]
transform = Transform3D(1, 0, 0, 0, 1, 0, 0, 0, 1, 55.8489, 0, -35.0282)

[node name="Tree10" parent="Trees" instance=ExtResource("2_dm8at")]
transform = Transform3D(1, 0, 0, 0, 1, 0, 0, 0, 1, 61.3046, 0, 16.4222)

[node name="Tree37" parent="Trees" instance=ExtResource("2_dm8at")]
transform = Transform3D(0.136857, 0, 0.990591, 0, 1, 0, -0.990591, 0, 0.136857, 19.3214, 0, 36.5726)

[node name="Tree38" parent="Trees" instance=ExtResource("2_dm8at")]
transform = Transform3D(0.136857, 0, 0.990591, 0, 1, 0, -0.990591, 0, 0.136857, -21.1271, 0, 40.7521)

[node name="Tree39" parent="Trees" instance=ExtResource("2_dm8at")]
transform = Transform3D(0.136857, 0, 0.990591, 0, 1, 0, -0.990591, 0, 0.136857, -29.5616, 0, 66.7215)

[node name="Tree40" parent="Trees" instance=ExtResource("2_dm8at")]
transform = Transform3D(0.136857, 0, 0.990591, 0, 1, 0, -0.990591, 0, 0.136857, 19.8124, 0, 65.144)

[node name="Tree41" parent="Trees" instance=ExtResource("2_dm8at")]
transform = Transform3D(0.136857, 0, 0.990591, 0, 1, 0, -0.990591, 0, 0.136857, 18.1814, 0, 47.5708)

[node name="Tree42" parent="Trees" instance=ExtResource("2_dm8at")]
transform = Transform3D(0.136857, 0, 0.990591, 0, 1, 0, -0.990591, 0, 0.136857, 43.4101, 0, 33.2244)

[node name="Tree43" parent="Trees" instance=ExtResource("2_dm8at")]
transform = Transform3D(0.136857, 0, 0.990591, 0, 1, 0, -0.990591, 0, 0.136857, -9.2418, 0, -20.8647)

[node name="Tree44" parent="Trees" instance=ExtResource("2_dm8at")]
transform = Transform3D(-0.414407, 0, 0.910092, 0, 1, 0, -0.910092, 0, -0.414407, -17.8669, 0, -52.1874)

[node name="Tree45" parent="Trees" instance=ExtResource("2_dm8at")]
transform = Transform3D(0.136857, 0, 0.990591, 0, 1, 0, -0.990591, 0, 0.136857, -19.9892, -7.62939e-06, -29.6635)

[node name="Tree46" parent="Trees" instance=ExtResource("2_dm8at")]
transform = Transform3D(0.136857, 0, 0.990591, 0, 1, 0, -0.990591, 0, 0.136857, -41.3882, -2.28882e-05, -48.9055)

[node name="Tree83" parent="Trees" instance=ExtResource("2_dm8at")]
transform = Transform3D(0.248064, 0, 0.968744, 0, 1, 0, -0.968744, 0, 0.248064, -44.6734, -2.28882e-05, -64.2972)

[node name="Tree47" parent="Trees" instance=ExtResource("2_dm8at")]
transform = Transform3D(0.136857, 0, 0.990591, 0, 1, 0, -0.990591, 0, 0.136857, 62.7161, -7.62939e-06, -46.0348)

[node name="Tree48" parent="Trees" instance=ExtResource("2_dm8at")]
transform = Transform3D(0.136857, 0, 0.990591, 0, 1, 0, -0.990591, 0, 0.136857, 49.1907, -7.62939e-06, -21.4038)

[node name="Tree49" parent="Trees" instance=ExtResource("2_dm8at")]
transform = Transform3D(0.136857, 0, 0.990591, 0, 1, 0, -0.990591, 0, 0.136857, 42.4499, -7.62939e-06, -38.2465)

[node name="Tree50" parent="Trees" instance=ExtResource("2_dm8at")]
transform = Transform3D(0.136857, 0, 0.990591, 0, 1, 0, -0.990591, 0, 0.136857, -64.6572, -7.62939e-06, 61.2353)

[node name="Tree51" parent="Trees" instance=ExtResource("2_dm8at")]
transform = Transform3D(0.136857, 0, 0.990591, 0, 1, 0, -0.990591, 0, 0.136857, -48.7527, -1.52588e-05, 26.6421)

[node name="Tree52" parent="Trees" instance=ExtResource("2_dm8at")]
transform = Transform3D(0.136857, 0, 0.990591, 0, 1, 0, -0.990591, 0, 0.136857, -41.8043, -1.52588e-05, -38.4302)

[node name="Tree53" parent="Trees" instance=ExtResource("2_dm8at")]
transform = Transform3D(0.136857, 0, 0.990591, 0, 1, 0, -0.990591, 0, 0.136857, -47.5727, 0, 14.3101)

[node name="Tree54" parent="Trees" instance=ExtResource("2_dm8at")]
transform = Transform3D(-0.974051, 0, 0.226328, 0, 1, 0, -0.226328, 0, -0.974051, -24.5568, -7.62939e-06, 53.4373)

[node name="Tree55" parent="Trees" instance=ExtResource("2_dm8at")]
transform = Transform3D(-0.974051, 0, 0.226328, 0, 1, 0, -0.226328, 0, -0.974051, -28.141, -7.62939e-06, -37.0065)

[node name="Tree56" parent="Trees" instance=ExtResource("2_dm8at")]
transform = Transform3D(-0.974051, 0, 0.226328, 0, 1, 0, -0.226328, 0, -0.974051, -63.2783, -7.62939e-06, 34.4077)

[node name="Tree57" parent="Trees" instance=ExtResource("2_dm8at")]
transform = Transform3D(-0.974051, 0, 0.226328, 0, 1, 0, -0.226328, 0, -0.974051, 62.2191, -7.62939e-06, -21.0401)

[node name="Tree58" parent="Trees" instance=ExtResource("2_dm8at")]
transform = Transform3D(-0.974051, 0, 0.226328, 0, 1, 0, -0.226328, 0, -0.974051, 55.8573, -7.62939e-06, 25.3466)

[node name="Tree59" parent="Trees" instance=ExtResource("2_dm8at")]
transform = Transform3D(-0.974051, 0, 0.226328, 0, 1, 0, -0.226328, 0, -0.974051, 17.857, -7.62939e-06, -8.57373)

[node name="Tree60" parent="Trees" instance=ExtResource("2_dm8at")]
transform = Transform3D(-0.974051, 0, 0.226328, 0, 1, 0, -0.226328, 0, -0.974051, 31.5336, -7.62939e-06, 45.5725)

[node name="Tree11" parent="Trees" instance=ExtResource("2_dm8at")]
transform = Transform3D(1, 0, 0, 0, 1, 0, 0, 0, 1, 61.5012, 0, 61.8273)

[node name="Tree1" parent="Trees" instance=ExtResource("3_svtl2")]
transform = Transform3D(0.54071, 0, -0.841209, 0, 1, 0, 0.841209, 0, 0.54071, -17, 0, 15)

[node name="Tree12" parent="Trees" instance=ExtResource("3_svtl2")]
transform = Transform3D(1, 0, 0, 0, 1, 0, 0, 0, 1, -34, 0, 14)

[node name="Tree13" parent="Trees" instance=ExtResource("3_svtl2")]
transform = Transform3D(0.511128, 0, 0.859505, 0, 1, 0, -0.859505, 0, 0.511128, -28, 0, 28)

[node name="Tree14" parent="Trees" instance=ExtResource("3_svtl2")]
transform = Transform3D(0.646896, 0, -0.762578, 0, 1, 0, 0.762578, 0, 0.646896, -39, 0, 29)

[node name="Tree15" parent="Trees" instance=ExtResource("3_svtl2")]
transform = Transform3D(1, 0, 0, 0, 1, 0, 0, 0, 1, -53.1355, 1.90735e-06, 47.32)

[node name="Tree17" parent="Trees" instance=ExtResource("3_svtl2")]
transform = Transform3D(1, 0, 0, 0, 1, 0, 0, 0, 1, -62.7291, 0, 49.8549)

[node name="Tree19" parent="Trees" instance=ExtResource("3_svtl2")]
transform = Transform3D(1, 0, 0, 0, 1, 0, 0, 0, 1, -60, 0, -21)

[node name="Tree20" parent="Trees" instance=ExtResource("3_svtl2")]
transform = Transform3D(0.662032, 0, -0.749476, 0, 1, 0, 0.749476, 0, 0.662032, -33.0219, 0, -18.7467)

[node name="Tree21" parent="Trees" instance=ExtResource("3_svtl2")]
transform = Transform3D(1, 0, 0, 0, 1, 0, 0, 0, 1, 38.2255, 0, -18.3562)

[node name="Tree22" parent="Trees" instance=ExtResource("3_svtl2")]
transform = Transform3D(1, 0, 0, 0, 1, 0, 0, 0, 1, 14.8701, -7.62939e-06, -41.063)

[node name="Tree23" parent="Trees" instance=ExtResource("3_svtl2")]
transform = Transform3D(0.648266, 0, 0.761414, 0, 1, 0, -0.761414, 0, 0.648266, 41.1927, 0, -54.5453)

[node name="Tree24" parent="Trees" instance=ExtResource("3_svtl2")]
transform = Transform3D(1, 0, 0, 0, 1, 0, 0, 0, 1, 52.0015, 0, 43.8617)

[node name="Tree25" parent="Trees" instance=ExtResource("3_svtl2")]
transform = Transform3D(-0.477987, 0, 0.878367, 0, 1, 0, -0.878367, 0, -0.477987, -15.8952, 0, 59.9467)

[node name="Tree26" parent="Trees" instance=ExtResource("3_svtl2")]
transform = Transform3D(1, 0, 0, 0, 1, 0, 0, 0, 1, 51.7659, 0, -51.5797)

[node name="Tree27" parent="Trees" instance=ExtResource("3_svtl2")]
transform = Transform3D(1, 0, 0, 0, 1, 0, 0, 0, 1, 30.03, 0, 30.0538)

[node name="Tree28" parent="Trees" instance=ExtResource("3_svtl2")]
transform = Transform3D(1, 0, 0, 0, 1, 0, 0, 0, 1, 46.8411, 0, 16.6203)

[node name="Tree29" parent="Trees" instance=ExtResource("3_svtl2")]
transform = Transform3D(1, 0, 0, 0, 1, 0, 0, 0, 1, 46.6789, 0, 63.607)

[node name="Tree30" parent="Trees" instance=ExtResource("3_svtl2")]
transform = Transform3D(1, 0, 0, 0, 1, 0, 0, 0, 1, 58.3809, 0, -11.307)

[node name="Tree86" parent="Trees" instance=ExtResource("3_svtl2")]
transform = Transform3D(0.885426, 0, 0.46478, 0, 1, 0, -0.46478, 0, 0.885426, 64.8495, 0, -56.9061)

[node name="Tree31" parent="Trees" instance=ExtResource("3_svtl2")]
transform = Transform3D(1, 0, 0, 0, 1, 0, 0, 0, 1, -52.6963, 0, -48.7253)

[node name="Tree32" parent="Trees" instance=ExtResource("3_svtl2")]
transform = Transform3D(1, 0, 0, 0, 1, 0, 0, 0, 1, -33.2349, -7.62939e-06, -53.3402)

[node name="Tree33" parent="Trees" instance=ExtResource("3_svtl2")]
transform = Transform3D(-0.369114, 0, -0.929384, 0, 1, 0, 0.929384, 0, -0.369114, 14.0417, -7.62939e-06, 57.7908)

[node name="Tree34" parent="Trees" instance=ExtResource("3_svtl2")]
transform = Transform3D(-0.369114, 0, -0.929384, 0, 1, 0, 0.929384, 0, -0.369114, -36.3161, -7.62939e-06, 51.7536)

[node name="Tree35" parent="Trees" instance=ExtResource("3_svtl2")]
transform = Transform3D(-0.369114, 0, -0.929384, 0, 1, 0, 0.929384, 0, -0.369114, 63.6994, -7.62939e-06, 25.6628)

[node name="Tree36" parent="Trees" instance=ExtResource("3_svtl2")]
transform = Transform3D(-0.369114, 0, -0.929384, 0, 1, 0, 0.929384, 0, -0.369114, 63.6994, -7.62939e-06, 25.6628)

[node name="Tree61" parent="Trees" instance=ExtResource("4_uj4cu")]
transform = Transform3D(-0.974051, 0, 0.226328, 0, 1, 0, -0.226328, 0, -0.974051, 46.7855, -7.62939e-06, 52.4981)

[node name="Tree62" parent="Trees" instance=ExtResource("4_uj4cu")]
transform = Transform3D(-0.974051, 0, 0.226328, 0, 1, 0, -0.226328, 0, -0.974051, 66.5855, -7.62939e-06, 52.7578)

[node name="Tree63" parent="Trees" instance=ExtResource("4_uj4cu")]
transform = Transform3D(-0.974051, 0, 0.226328, 0, 1, 0, -0.226328, 0, -0.974051, 60.479, -7.62939e-06, 38.3705)

[node name="Tree65" parent="Trees" instance=ExtResource("4_uj4cu")]
transform = Transform3D(-0.974051, 0, 0.226328, 0, 1, 0, -0.226328, 0, -0.974051, 31.5686, -7.62939e-06, -10.5232)

[node name="Tree66" parent="Trees" instance=ExtResource("4_uj4cu")]
transform = Transform3D(-0.974051, 0, 0.226328, 0, 1, 0, -0.226328, 0, -0.974051, 29.6117, -7.62939e-06, -36.0594)

[node name="Tree67" parent="Trees" instance=ExtResource("4_uj4cu")]
transform = Transform3D(-0.974051, 0, 0.226328, 0, 1, 0, -0.226328, 0, -0.974051, 35.558, -7.62939e-06, 16.5754)

[node name="Tree68" parent="Trees" instance=ExtResource("4_uj4cu")]
transform = Transform3D(-0.974051, 0, 0.226328, 0, 1, 0, -0.226328, 0, -0.974051, -41.6814, -7.62939e-06, 37.129)

[node name="Tree69" parent="Trees" instance=ExtResource("4_uj4cu")]
transform = Transform3D(-0.974051, 0, 0.226328, 0, 1, 0, -0.226328, 0, -0.974051, -55.2583, -3.8147e-06, 18.6581)

[node name="Tree70" parent="Trees" instance=ExtResource("4_uj4cu")]
transform = Transform3D(-0.974051, 0, 0.226328, 0, 1, 0, -0.226328, 0, -0.974051, -30.9754, -3.8147e-06, 19.4482)

[node name="Tree71" parent="Trees" instance=ExtResource("4_uj4cu")]
transform = Transform3D(-0.974051, 0, 0.226328, 0, 1, 0, -0.226328, 0, -0.974051, -34.7829, -3.8147e-06, 59.6864)

[node name="Tree72" parent="Trees" instance=ExtResource("4_uj4cu")]
transform = Transform3D(-0.974051, 0, 0.226328, 0, 1, 0, -0.226328, 0, -0.974051, 18.0848, -7.62939e-06, 16.8026)

[node name="Tree73" parent="Trees" instance=ExtResource("4_uj4cu")]
transform = Transform3D(-0.974051, 0, 0.226328, 0, 1, 0, -0.226328, 0, -0.974051, 42.9649, -7.62939e-06, -9.07332)

[node name="Tree75" parent="Trees" instance=ExtResource("4_uj4cu")]
transform = Transform3D(-0.974051, 0, 0.226328, 0, 1, 0, -0.226328, 0, -0.974051, -44.601, -3.8147e-06, -23.4381)

[node name="Tree76" parent="Trees" instance=ExtResource("4_uj4cu")]
transform = Transform3D(-0.974051, 0, 0.226328, 0, 1, 0, -0.226328, 0, -0.974051, -11.7343, 0, -58.2986)

[node name="Tree82" parent="Trees" instance=ExtResource("4_uj4cu")]
transform = Transform3D(-0.863158, 0, -0.504935, 0, 1, 0, 0.504935, 0, -0.863158, -22.8013, 0, -63.979)

[node name="Tree77" parent="Trees" instance=ExtResource("4_uj4cu")]
transform = Transform3D(-0.974051, 0, 0.226328, 0, 1, 0, -0.226328, 0, -0.974051, -11.497, 0, -31.0565)

[node name="Tree78" parent="Trees" instance=ExtResource("4_uj4cu")]
transform = Transform3D(-0.974051, 0, 0.226328, 0, 1, 0, -0.226328, 0, -0.974051, 19.6892, -3.8147e-06, -24.9427)

[node name="Tree79" parent="Trees" instance=ExtResource("4_uj4cu")]
transform = Transform3D(-0.520205, 0, -0.854042, 0, 1, 0, 0.854042, 0, -0.520205, 19.2316, -3.8147e-06, -35.2205)

[node name="Tree80" parent="Trees" instance=ExtResource("4_uj4cu")]
transform = Transform3D(-0.974051, 0, 0.226328, 0, 1, 0, -0.226328, 0, -0.974051, 21.2316, -3.8147e-06, -48.2205)

[node name="Tree85" parent="Trees" instance=ExtResource("4_uj4cu")]
transform = Transform3D(-0.999428, 0, -0.0338181, 0, 1, 0, 0.0338181, 0, -0.999428, 39.5463, -3.8147e-06, -65.5984)

[node name="Tree81" parent="Trees" instance=ExtResource("4_uj4cu")]
transform = Transform3D(-0.974051, 0, 0.226328, 0, 1, 0, -0.226328, 0, -0.974051, 21.2316, -3.8147e-06, -48.2205)

[node name="GiantTree" parent="." instance=ExtResource("5_xggw5")]
transform = Transform3D(1, 0, 0, 0, 1, 0, 0, 0, 1, 58.6091, 0, -32.0716)
